15085000
56555000
33054000
29095000
42042000
72131500
14541500
21152000
40816500
10022000
14438500
24173500
28643500
48326500
50871500
1419500
63843000
5509500
40441000
17529500
38649000
8322000
7305000
8390500
28917500
7029000
23764000
13811000
31859500
762000
31826000
21939500
79222000
23625500
50591500
11630000
7736000
22739500
44821500
26894500
27161000
57394000
8900500
47498000
20524500
19745000
62408000
33924000
11202500
30960000
18751500
30724500
23262000
86160500
4910000
2156500
16676500
11339000
33528000
14422000
25088000
7595500
29638000
15609500
45752000
14010000
16649000
47436000
3023500
45192000
73354500
4354500
76206000
37207500
35471000
61328000
46932500
27297000
42246000
49094000
40787000
8886000
20253500
10305000
52210000
27158000
8658000
11256500
18984000
38243000
12485000
11202500
29486000
24258500
47169000
11531500
34884000
45136500
24897000
12017000
