22536500
47041000
38453500
23174000
23782000
114951000
16422500
53502000
21627500
4746500
14526500
50379000
50122000
34699000
35430000
19471000
16214500
38369000
63754000
30051500
38100000
16822000
88593000
13369000
42490000
76751500
25480000
43358500
35364500
53964500
24329500
59994000
31105000
43035500
37461000
26497000
58986000
25047000
39666500
34146000
53473500
17481500
46884000
40671000
73052000
20032000
73354500
24348500
34628000
31575000
23280500
86035000
79955500
48826000
34562000
33715500
46329000
5850000
44501500
24780500
38939000
15040500
44829000
28818000
33844000
97219500
30502000
28260000
54488000
21573500
102341500
23160000
3981000
45333500
19963000
9480000
55227000
13453500
33288000
43379000
3682000
46680000
93649000
33938000
12363000
12165000
15542000
8404000
35871000
10636000
68090000
28397500
11712500
16151500
98221500
10407000
25812000
110024000
38741000
29493000
11302000
10760000
19809500
63616500
10372000
17061500
30654000
14504500
87953000
30234500
92612000
35457000
7395000
30025500
20065000
44952000
14050000
14739000
60183500
9691000
7464000
6241500
23510000
27652000
12596000
46402000
28415500
369500
19418000
26941000
27236500
65779500
90241500
32335500
10703000
37541000
27416000
26957500
16521500
43174000
31780000
68673000
26535000
10937000
59696000
33331500
23104500
87846000
5021500
5258000
4481000
8301000
9680000
29885500
107063500
16754000
13523000
55562500
20784000
34466000
45119000
24578000
5703500
25835000
43940000
51508500
47814500
25364000
3622000
8871000
101687500
4496000
12456500
10585000
37889000
47081000
24242500
14105000
28988500
41461000
7755000
6476500
53977500
7598500
14251000
96046000
62594000
16114000
13356000
8791500
50878500
82594500
8245000
6944000
86364000
37216500
15545500
15156000
22147500
59078500
33647500
21239000
93293000
13010000
37933500
11215500
32974000
789500
54346000
42289000
1894000
23341000
71635000
7291500
29037500
4431000
82355500
18741000
23086500
2779000
57442500
33604000
61576000
6447500
94784000
12455500
59458000
32004000
74172000
6094000
6750500
10515000
29451500
14924000
18042500
32127500
77931000
16174000
45119000
4148000
29758000
95160000
28091500
61463000
96781000
10797000
69300000
15990000
11788500
8686000
29184000
66493000
7586000
13264500
30504500
21090000
16802000
13586000
25327000
44501500
84031500
69586000
45850500
23972000
11382000
28708000
14658000
1432000
40158000
19662000
38828500
62582000
106870500
32322000
25418500
18201000
95033000
22573000
74777000
3809000
56396000
112367500
11887500
9325000
47244000
8326000
61237000
39347000
73182500
10458500
18166500
33583500
34789000
37289000
30951500
32053000
46005000
102982000
12864000
92716500
11583000
35700000
93182000
40671000
10737000
14578000
4549000
23786000
41505000
32752000
17054500
12260000
59078500
23977000
38902000
7796000
32907000
8263500
65501000
55039000
13233000
82684000
83226000
44042000
1320000
32247000
24780500
31933000
27434500
2418000
26558000
10085500
33016000
27401500
2606000
85751000
17991500
7997000
56416500
39446000
5688000
94111500
42671000
64776500
48533000
19296000
23847000
679500
30507500
45275500
108885000
14287500
30030000
95132000
98574000
76361500
52040000
119659000
62413500
67488000
17775500
28695500
3459500
1446500
66685500
59358000
68196000
11355500
38002500
17538500
75214500
2334000
19439500
2063000
63894000
74402000
13839000
7544500
19689000
22707500
17216000
32079500
25308000
69212000
29365000
2634000
8658000
36481000
89448000
41131000
76873500
16596000
7154000
13728000
12440000
50871500
4884000
30708000
22340500
90865500
51472000
55727000
17692500
26529000
13085000
11051500
63216500
26450000
11576000
13405000
23065500
83917000
50505000
16085000
19122000
8239000
16577500
106142500
18423000
54392000
1844000
106433500
45925000
4362000
57984500
18555000
85461500
19120500
6251000
57907500
11239000
7509500
15599000
7238000
33932000
35912500
29688000
1075000
102810000
46251000
92010000
27355000
16031500
29270500
96193000
6630000
41776000
12446000
94281000
12021000
99551500
117656500
16056500
35486000
4343500
19109500
39990500
55321500
88280000
84448500
31034000
2272000
59881500
25409500
579500
15858000
31362000
14776500
71434000
2254000
37062000
20245000
17342000
67078500
80217000
40663000
41137000
76526000
7464000
86321000
53311000
61213000
13134500
55781000
32054000
65675000
29926000
68511000
56947000
63440000
2733000
65644500
20587500
15742500
1955000
16591500
25246000
500000
86928000
4632000
43536000
12123500
28939500
6686000
63874500
33081000
1619500
14687000
37680000
4571500
7840500
85957000
51829000
72603500
4984500
80425000
34137000
46598500
1781500
101327500
8452000
44345500
52803000
11868000
4531500
40469000
44573000
85197000
6536000
30027000
95294500
2857000
41610000
42284500
81534000
70295000
46797500
47536000
28251000
90076000
65910000
118611000
20522500
22141500
52675500
49806000
92332500
16591500
76406000
27867000
30960000
94172000
54087000
88257500
31666000
45002500
19833000
21333000
10070000
17984000
29241500
800000
17951500
57530000
8368000
22703500
21604000
10575000
100533500
21844500
21091000
18445000
15607500
22044000
10055500
12012000
7768000
54376000
42141000
8430000
23696000
8322000
45530500
57676000
11655000
28937500
17014000
13488000
40919000
42135500
46856000
25656000
11979500
14189000
4022500
11974500
73640000
14027000
39297000
28608000
41568500
3662000
18502000
44839500
114464000
50691000
8954500
19837000
94101500
19737000
27779000
5557000
40624000
36115500
27158500
18121000
10636000
103786500
14768000
11880000
28204000
16399500
28498000
1430000
25726000
69272000
14541500
6994000
29846500
42960000
4066000
7041000
21149500
66782000
889500
86643000
12415500
28412500
31277500
43424000
80386500
75321000
44136000
16807000
6305500
66204000
26738000
11713500
41260500
39231500
101896500
43338500
18323000
80719000
45431000
23574500
3309000
3321500
5731500
61645500
31089000
105423000
24641000
24550000
16085000
24033500
30886500
12559000
7128000
113451000
39688000
59181000
67854500
95339000
95837000
47198500
61303500
16550000
101897000
56318000
36409000
49236000
11018000
22537000
82152500
27864000
119659000
95339000
70891000
76805000
4453000
106358500
7464000
1320000
14306000
9914000
98144000
8735000
19883500
21296000
49813500
93841500
3534000
85287000
52796000
47713000
7326000
50789000
19258000
105573000
16317000
80867000
31785000
40452000
50312000
22696500
7738500
63359000
18970000
36997000
23359000
10828000
15189000
5499500
18728000
50122000
49755500
2191000
53301500
58690500
34505000
37289000
14909000
8084000
58514000
3190000
37851500
24550000
46564000
27683000
56923000
58726000
28228000
46763500
14007000
28664500
16813000
65355000
1412000
45580000
89052000
36435500
24129000
13092000
27142500
15351000
92667000
17691000
17437000
21520000
30628000
76751500
5559000
74500000
28600000
35587000
21490000
48178500
113610000
1899000
47460000
32159000
13627500
93091000
22828500
60322000
85741500
41756500
38483000
52143500
37484500
34338000
5372000
25156000
5468500
38046500
13168000
12261500
12659000
54246500
2739000
13399500
43159000
12659000
37870000
14336000
37664000
40503000
7613500
69114500
34072500
19150000
2372500
11895500
23816000
8977000
39914000
9115500
17444500
13842500
105114500
27700000
1601000
97794000
11947500
7177500
36574500
16280500
42384000
41169000
10966000
56520500
3190000
30520000
6716000
41751000
48368000
13449500
24818000
44260000
12370000
11401000
23861000
43615000
13476000
19048000
53741000
22298000
26897500
1201500
28050000
5237500
50354000
67417500
31718500
65355000
9788500
103694000
76756000
41115000
19662000
10024000
58576000
24184000
28624000
32777000
15055000
51620000
68390000
9222000
30898000
6828000
92010000
91494000
12268000
3976000
25675000
39232000
37443000
73108000
80937000
37002000
10178000
13135500
3593000
72669000
80916000
62572000
43616000
59132500
40289000
5806000
32707000
32845500
81510500
48390000
62356000
14932000
32709000
116873500
53840500
20487000
6876000
7249000
46391000
90639500
12541000
45246500
67474000
8026000
111112000
19565500
34398000
10731000
95034000
72603000
2009000
20036000
1139000
30658500
36851000
24411500
24928000
100112000
13744000
46329000
1395000
20376500
38693000
79085000
23591500
73824500
78648000
36864500
45578500
37889000
68067000
10500500
7692000
21863000
84354000
19326000
19999000
42199000
22877000
13096000
22703500
9115500
35579000
17934000
4702500
3905500
67169000
19300000
11792000
94074500
34512500
22402000
21268000
48631500
77777500
114529500
9102000
15433000
4296000
8026000
1686000
55562500
18769000
101807000
20488500
1642000
24779000
83383500
25876500
39166500
4262000
34398000
25690000
115932000
32858000
8094500
10713000
15830000
4868500
1599500
6186000
9880000
40096000
50966000
2766000
11432500
6472500
14564000
60259500
19329500
19616000
53881000
25816000
1492000
56915000
26272000
24304000
20642000
7986000
20075000
9349500
60563500
16724000
72722000
